# time (ps)	level	
1.250000000000000000e+02	1.845000000000000000e+03
2.500000000000000000e+02	1.797000000000000000e+03
3.750000000000000000e+02	1.740000000000000000e+03
5.000000000000000000e+02	1.693000000000000000e+03
6.250000000000000000e+02	1.659000000000000000e+03
7.500000000000000000e+02	1.623000000000000000e+03
8.750000000000000000e+02	1.587000000000000000e+03
1.000000000000000000e+03	1.538000000000000000e+03
1.125000000000000000e+03	1.507000000000000000e+03
1.250000000000000000e+03	1.502000000000000000e+03
1.375000000000000000e+03	1.505000000000000000e+03
1.500000000000000000e+03	1.497000000000000000e+03
1.625000000000000000e+03	1.499000000000000000e+03
1.750000000000000000e+03	1.509000000000000000e+03
1.875000000000000000e+03	1.522000000000000000e+03
2.000000000000000000e+03	1.533000000000000000e+03
2.125000000000000000e+03	1.547000000000000000e+03
2.250000000000000000e+03	1.566000000000000000e+03
2.375000000000000000e+03	1.588000000000000000e+03
2.500000000000000000e+03	1.612000000000000000e+03
2.625000000000000000e+03	1.650000000000000000e+03
2.750000000000000000e+03	1.678000000000000000e+03
2.875000000000000000e+03	1.700000000000000000e+03
3.000000000000000000e+03	1.724000000000000000e+03
3.125000000000000000e+03	1.758000000000000000e+03
3.250000000000000000e+03	1.792000000000000000e+03
3.375000000000000000e+03	1.818000000000000000e+03
3.500000000000000000e+03	1.843000000000000000e+03
3.625000000000000000e+03	1.891000000000000000e+03
3.750000000000000000e+03	1.929000000000000000e+03
3.875000000000000000e+03	1.989000000000000000e+03
4.000000000000000000e+03	2.030000000000000000e+03
4.125000000000000000e+03	2.102000000000000000e+03
4.250000000000000000e+03	2.172000000000000000e+03
4.375000000000000000e+03	2.266000000000000000e+03
4.500000000000000000e+03	2.375000000000000000e+03
4.625000000000000000e+03	2.518000000000000000e+03
4.750000000000000000e+03	2.688000000000000000e+03
4.875000000000000000e+03	2.877000000000000000e+03
5.000000000000000000e+03	3.150000000000000000e+03
5.125000000000000000e+03	3.572000000000000000e+03
5.250000000000000000e+03	4.093000000000000000e+03
5.375000000000000000e+03	0.000000000000000000e+00
5.500000000000000000e+03	0.000000000000000000e+00
5.625000000000000000e+03	0.000000000000000000e+00
5.750000000000000000e+03	0.000000000000000000e+00
5.875000000000000000e+03	0.000000000000000000e+00
6.000000000000000000e+03	0.000000000000000000e+00
6.125000000000000000e+03	0.000000000000000000e+00
6.250000000000000000e+03	0.000000000000000000e+00
6.375000000000000000e+03	0.000000000000000000e+00
6.500000000000000000e+03	0.000000000000000000e+00
6.625000000000000000e+03	0.000000000000000000e+00
6.750000000000000000e+03	0.000000000000000000e+00
6.875000000000000000e+03	0.000000000000000000e+00
7.000000000000000000e+03	0.000000000000000000e+00
7.125000000000000000e+03	0.000000000000000000e+00
7.250000000000000000e+03	0.000000000000000000e+00
7.375000000000000000e+03	0.000000000000000000e+00
7.500000000000000000e+03	0.000000000000000000e+00
7.625000000000000000e+03	0.000000000000000000e+00
7.750000000000000000e+03	0.000000000000000000e+00
7.875000000000000000e+03	0.000000000000000000e+00
8.000000000000000000e+03	0.000000000000000000e+00
8.125000000000000000e+03	0.000000000000000000e+00
8.250000000000000000e+03	0.000000000000000000e+00
8.375000000000000000e+03	0.000000000000000000e+00
8.500000000000000000e+03	0.000000000000000000e+00
8.625000000000000000e+03	0.000000000000000000e+00
8.750000000000000000e+03	0.000000000000000000e+00
8.875000000000000000e+03	0.000000000000000000e+00
9.000000000000000000e+03	0.000000000000000000e+00
9.125000000000000000e+03	0.000000000000000000e+00
9.250000000000000000e+03	0.000000000000000000e+00
9.375000000000000000e+03	0.000000000000000000e+00
9.500000000000000000e+03	0.000000000000000000e+00
9.625000000000000000e+03	0.000000000000000000e+00
9.750000000000000000e+03	0.000000000000000000e+00
9.875000000000000000e+03	0.000000000000000000e+00
1.000000000000000000e+04	0.000000000000000000e+00
1.012500000000000000e+04	0.000000000000000000e+00
1.025000000000000000e+04	0.000000000000000000e+00
1.037500000000000000e+04	0.000000000000000000e+00
1.050000000000000000e+04	0.000000000000000000e+00
1.062500000000000000e+04	0.000000000000000000e+00
1.075000000000000000e+04	0.000000000000000000e+00
1.087500000000000000e+04	0.000000000000000000e+00
1.100000000000000000e+04	0.000000000000000000e+00
1.112500000000000000e+04	0.000000000000000000e+00
1.125000000000000000e+04	0.000000000000000000e+00
1.137500000000000000e+04	0.000000000000000000e+00
1.150000000000000000e+04	0.000000000000000000e+00
1.162500000000000000e+04	0.000000000000000000e+00
1.175000000000000000e+04	0.000000000000000000e+00
1.187500000000000000e+04	0.000000000000000000e+00
1.200000000000000000e+04	0.000000000000000000e+00
1.212500000000000000e+04	0.000000000000000000e+00
1.225000000000000000e+04	0.000000000000000000e+00
1.237500000000000000e+04	0.000000000000000000e+00
1.250000000000000000e+04	0.000000000000000000e+00
1.262500000000000000e+04	0.000000000000000000e+00
1.275000000000000000e+04	0.000000000000000000e+00
1.287500000000000000e+04	0.000000000000000000e+00
1.300000000000000000e+04	0.000000000000000000e+00
1.312500000000000000e+04	0.000000000000000000e+00
1.325000000000000000e+04	0.000000000000000000e+00
1.337500000000000000e+04	0.000000000000000000e+00
1.350000000000000000e+04	0.000000000000000000e+00
1.362500000000000000e+04	0.000000000000000000e+00
1.375000000000000000e+04	0.000000000000000000e+00
1.387500000000000000e+04	0.000000000000000000e+00
1.400000000000000000e+04	0.000000000000000000e+00
1.412500000000000000e+04	0.000000000000000000e+00
1.425000000000000000e+04	0.000000000000000000e+00
1.437500000000000000e+04	0.000000000000000000e+00
1.450000000000000000e+04	0.000000000000000000e+00
1.462500000000000000e+04	0.000000000000000000e+00
1.475000000000000000e+04	0.000000000000000000e+00
1.487500000000000000e+04	0.000000000000000000e+00
1.500000000000000000e+04	0.000000000000000000e+00
1.512500000000000000e+04	0.000000000000000000e+00
1.525000000000000000e+04	0.000000000000000000e+00
1.537500000000000000e+04	0.000000000000000000e+00
1.550000000000000000e+04	0.000000000000000000e+00
1.562500000000000000e+04	0.000000000000000000e+00
1.575000000000000000e+04	0.000000000000000000e+00
1.587500000000000000e+04	0.000000000000000000e+00
1.600000000000000000e+04	0.000000000000000000e+00
1.612500000000000000e+04	0.000000000000000000e+00
1.625000000000000000e+04	0.000000000000000000e+00
1.637500000000000000e+04	0.000000000000000000e+00
1.650000000000000000e+04	0.000000000000000000e+00
1.662500000000000000e+04	0.000000000000000000e+00
1.675000000000000000e+04	0.000000000000000000e+00
1.687500000000000000e+04	0.000000000000000000e+00
1.700000000000000000e+04	0.000000000000000000e+00
1.712500000000000000e+04	0.000000000000000000e+00
1.725000000000000000e+04	0.000000000000000000e+00
1.737500000000000000e+04	0.000000000000000000e+00
1.750000000000000000e+04	0.000000000000000000e+00
1.762500000000000000e+04	0.000000000000000000e+00
1.775000000000000000e+04	0.000000000000000000e+00
1.787500000000000000e+04	0.000000000000000000e+00
1.800000000000000000e+04	0.000000000000000000e+00
1.812500000000000000e+04	0.000000000000000000e+00
1.825000000000000000e+04	0.000000000000000000e+00
1.837500000000000000e+04	0.000000000000000000e+00
1.850000000000000000e+04	0.000000000000000000e+00
1.862500000000000000e+04	0.000000000000000000e+00
1.875000000000000000e+04	0.000000000000000000e+00
1.887500000000000000e+04	0.000000000000000000e+00
1.900000000000000000e+04	0.000000000000000000e+00
1.912500000000000000e+04	0.000000000000000000e+00
1.925000000000000000e+04	0.000000000000000000e+00
1.937500000000000000e+04	0.000000000000000000e+00
1.950000000000000000e+04	0.000000000000000000e+00
1.962500000000000000e+04	0.000000000000000000e+00
1.975000000000000000e+04	0.000000000000000000e+00
1.987500000000000000e+04	0.000000000000000000e+00
2.000000000000000000e+04	0.000000000000000000e+00
2.012500000000000000e+04	0.000000000000000000e+00
2.025000000000000000e+04	0.000000000000000000e+00
2.037500000000000000e+04	0.000000000000000000e+00
2.050000000000000000e+04	0.000000000000000000e+00
2.062500000000000000e+04	0.000000000000000000e+00
2.075000000000000000e+04	0.000000000000000000e+00
2.087500000000000000e+04	0.000000000000000000e+00
2.100000000000000000e+04	0.000000000000000000e+00
2.112500000000000000e+04	0.000000000000000000e+00
2.125000000000000000e+04	0.000000000000000000e+00
2.137500000000000000e+04	0.000000000000000000e+00
2.150000000000000000e+04	0.000000000000000000e+00
2.162500000000000000e+04	0.000000000000000000e+00
2.175000000000000000e+04	0.000000000000000000e+00
2.187500000000000000e+04	0.000000000000000000e+00
2.200000000000000000e+04	0.000000000000000000e+00
2.212500000000000000e+04	0.000000000000000000e+00
2.225000000000000000e+04	0.000000000000000000e+00
2.237500000000000000e+04	0.000000000000000000e+00
2.250000000000000000e+04	0.000000000000000000e+00
2.262500000000000000e+04	0.000000000000000000e+00
2.275000000000000000e+04	0.000000000000000000e+00
2.287500000000000000e+04	0.000000000000000000e+00
2.300000000000000000e+04	0.000000000000000000e+00
2.312500000000000000e+04	0.000000000000000000e+00
2.325000000000000000e+04	0.000000000000000000e+00
2.337500000000000000e+04	0.000000000000000000e+00
2.350000000000000000e+04	0.000000000000000000e+00
2.362500000000000000e+04	0.000000000000000000e+00
2.375000000000000000e+04	0.000000000000000000e+00
2.387500000000000000e+04	0.000000000000000000e+00
2.400000000000000000e+04	0.000000000000000000e+00
2.412500000000000000e+04	0.000000000000000000e+00
2.425000000000000000e+04	0.000000000000000000e+00
2.437500000000000000e+04	0.000000000000000000e+00
2.450000000000000000e+04	0.000000000000000000e+00
2.462500000000000000e+04	0.000000000000000000e+00
2.475000000000000000e+04	0.000000000000000000e+00
2.487500000000000000e+04	0.000000000000000000e+00
2.500000000000000000e+04	0.000000000000000000e+00
2.512500000000000000e+04	0.000000000000000000e+00
2.525000000000000000e+04	0.000000000000000000e+00
2.537500000000000000e+04	0.000000000000000000e+00
2.550000000000000000e+04	0.000000000000000000e+00
2.562500000000000000e+04	0.000000000000000000e+00
2.575000000000000000e+04	0.000000000000000000e+00
2.587500000000000000e+04	0.000000000000000000e+00
2.600000000000000000e+04	0.000000000000000000e+00
2.612500000000000000e+04	0.000000000000000000e+00
2.625000000000000000e+04	0.000000000000000000e+00
2.637500000000000000e+04	0.000000000000000000e+00
2.650000000000000000e+04	0.000000000000000000e+00
2.662500000000000000e+04	0.000000000000000000e+00
2.675000000000000000e+04	0.000000000000000000e+00
2.687500000000000000e+04	0.000000000000000000e+00
2.700000000000000000e+04	0.000000000000000000e+00
2.712500000000000000e+04	0.000000000000000000e+00
2.725000000000000000e+04	0.000000000000000000e+00
2.737500000000000000e+04	0.000000000000000000e+00
2.750000000000000000e+04	0.000000000000000000e+00
2.762500000000000000e+04	0.000000000000000000e+00
2.775000000000000000e+04	0.000000000000000000e+00
2.787500000000000000e+04	0.000000000000000000e+00
2.800000000000000000e+04	0.000000000000000000e+00
2.812500000000000000e+04	0.000000000000000000e+00
2.825000000000000000e+04	0.000000000000000000e+00
2.837500000000000000e+04	0.000000000000000000e+00
2.850000000000000000e+04	0.000000000000000000e+00
2.862500000000000000e+04	0.000000000000000000e+00
2.875000000000000000e+04	0.000000000000000000e+00
2.887500000000000000e+04	0.000000000000000000e+00
2.900000000000000000e+04	0.000000000000000000e+00
2.912500000000000000e+04	0.000000000000000000e+00
2.925000000000000000e+04	0.000000000000000000e+00
2.937500000000000000e+04	0.000000000000000000e+00
2.950000000000000000e+04	0.000000000000000000e+00
2.962500000000000000e+04	0.000000000000000000e+00
2.975000000000000000e+04	0.000000000000000000e+00
2.987500000000000000e+04	0.000000000000000000e+00
3.000000000000000000e+04	0.000000000000000000e+00
3.012500000000000000e+04	0.000000000000000000e+00
3.025000000000000000e+04	0.000000000000000000e+00
3.037500000000000000e+04	0.000000000000000000e+00
3.050000000000000000e+04	0.000000000000000000e+00
3.062500000000000000e+04	0.000000000000000000e+00
3.075000000000000000e+04	0.000000000000000000e+00
3.087500000000000000e+04	0.000000000000000000e+00
3.100000000000000000e+04	0.000000000000000000e+00
3.112500000000000000e+04	0.000000000000000000e+00
3.125000000000000000e+04	0.000000000000000000e+00
3.137500000000000000e+04	0.000000000000000000e+00
3.150000000000000000e+04	0.000000000000000000e+00
3.162500000000000000e+04	0.000000000000000000e+00
3.175000000000000000e+04	0.000000000000000000e+00
3.187500000000000000e+04	0.000000000000000000e+00
3.200000000000000000e+04	0.000000000000000000e+00
3.212500000000000000e+04	0.000000000000000000e+00
3.225000000000000000e+04	0.000000000000000000e+00
3.237500000000000000e+04	0.000000000000000000e+00
3.250000000000000000e+04	0.000000000000000000e+00
3.262500000000000000e+04	0.000000000000000000e+00
3.275000000000000000e+04	0.000000000000000000e+00
3.287500000000000000e+04	0.000000000000000000e+00
3.300000000000000000e+04	0.000000000000000000e+00
3.312500000000000000e+04	0.000000000000000000e+00
3.325000000000000000e+04	0.000000000000000000e+00
3.337500000000000000e+04	0.000000000000000000e+00
3.350000000000000000e+04	0.000000000000000000e+00
3.362500000000000000e+04	0.000000000000000000e+00
3.375000000000000000e+04	0.000000000000000000e+00
3.387500000000000000e+04	0.000000000000000000e+00
3.400000000000000000e+04	0.000000000000000000e+00
3.412500000000000000e+04	0.000000000000000000e+00
3.425000000000000000e+04	0.000000000000000000e+00
3.437500000000000000e+04	0.000000000000000000e+00
3.450000000000000000e+04	0.000000000000000000e+00
3.462500000000000000e+04	0.000000000000000000e+00
3.475000000000000000e+04	0.000000000000000000e+00
3.487500000000000000e+04	0.000000000000000000e+00
3.500000000000000000e+04	0.000000000000000000e+00
3.512500000000000000e+04	0.000000000000000000e+00
3.525000000000000000e+04	0.000000000000000000e+00
3.537500000000000000e+04	0.000000000000000000e+00
3.550000000000000000e+04	0.000000000000000000e+00
3.562500000000000000e+04	0.000000000000000000e+00
3.575000000000000000e+04	0.000000000000000000e+00
3.587500000000000000e+04	0.000000000000000000e+00
3.600000000000000000e+04	0.000000000000000000e+00
3.612500000000000000e+04	0.000000000000000000e+00
3.625000000000000000e+04	0.000000000000000000e+00
3.637500000000000000e+04	0.000000000000000000e+00
3.650000000000000000e+04	0.000000000000000000e+00
3.662500000000000000e+04	0.000000000000000000e+00
3.675000000000000000e+04	0.000000000000000000e+00
3.687500000000000000e+04	0.000000000000000000e+00
3.700000000000000000e+04	0.000000000000000000e+00
3.712500000000000000e+04	0.000000000000000000e+00
3.725000000000000000e+04	0.000000000000000000e+00
3.737500000000000000e+04	0.000000000000000000e+00
3.750000000000000000e+04	0.000000000000000000e+00
3.762500000000000000e+04	0.000000000000000000e+00
3.775000000000000000e+04	0.000000000000000000e+00
3.787500000000000000e+04	0.000000000000000000e+00
3.800000000000000000e+04	0.000000000000000000e+00
3.812500000000000000e+04	0.000000000000000000e+00
3.825000000000000000e+04	0.000000000000000000e+00
3.837500000000000000e+04	0.000000000000000000e+00
3.850000000000000000e+04	0.000000000000000000e+00
3.862500000000000000e+04	0.000000000000000000e+00
3.875000000000000000e+04	0.000000000000000000e+00
3.887500000000000000e+04	0.000000000000000000e+00
3.900000000000000000e+04	0.000000000000000000e+00
3.912500000000000000e+04	0.000000000000000000e+00
3.925000000000000000e+04	0.000000000000000000e+00
3.937500000000000000e+04	0.000000000000000000e+00
3.950000000000000000e+04	0.000000000000000000e+00
3.962500000000000000e+04	0.000000000000000000e+00
3.975000000000000000e+04	0.000000000000000000e+00
3.987500000000000000e+04	0.000000000000000000e+00
4.000000000000000000e+04	0.000000000000000000e+00
4.012500000000000000e+04	0.000000000000000000e+00
4.025000000000000000e+04	0.000000000000000000e+00
4.037500000000000000e+04	0.000000000000000000e+00
4.050000000000000000e+04	0.000000000000000000e+00
4.062500000000000000e+04	0.000000000000000000e+00
4.075000000000000000e+04	0.000000000000000000e+00
4.087500000000000000e+04	0.000000000000000000e+00
4.100000000000000000e+04	0.000000000000000000e+00
4.112500000000000000e+04	0.000000000000000000e+00
4.125000000000000000e+04	0.000000000000000000e+00
4.137500000000000000e+04	0.000000000000000000e+00
4.150000000000000000e+04	0.000000000000000000e+00
4.162500000000000000e+04	0.000000000000000000e+00
4.175000000000000000e+04	0.000000000000000000e+00
4.187500000000000000e+04	0.000000000000000000e+00
4.200000000000000000e+04	0.000000000000000000e+00
4.212500000000000000e+04	0.000000000000000000e+00
4.225000000000000000e+04	0.000000000000000000e+00
4.237500000000000000e+04	0.000000000000000000e+00
4.250000000000000000e+04	0.000000000000000000e+00
4.262500000000000000e+04	0.000000000000000000e+00
4.275000000000000000e+04	0.000000000000000000e+00
4.287500000000000000e+04	0.000000000000000000e+00
4.300000000000000000e+04	0.000000000000000000e+00
4.312500000000000000e+04	0.000000000000000000e+00
4.325000000000000000e+04	0.000000000000000000e+00
4.337500000000000000e+04	0.000000000000000000e+00
4.350000000000000000e+04	0.000000000000000000e+00
4.362500000000000000e+04	0.000000000000000000e+00
4.375000000000000000e+04	0.000000000000000000e+00
4.387500000000000000e+04	0.000000000000000000e+00
4.400000000000000000e+04	0.000000000000000000e+00
4.412500000000000000e+04	0.000000000000000000e+00
4.425000000000000000e+04	0.000000000000000000e+00
4.437500000000000000e+04	0.000000000000000000e+00
4.450000000000000000e+04	0.000000000000000000e+00
4.462500000000000000e+04	0.000000000000000000e+00
4.475000000000000000e+04	0.000000000000000000e+00
4.487500000000000000e+04	0.000000000000000000e+00
4.500000000000000000e+04	0.000000000000000000e+00
4.512500000000000000e+04	0.000000000000000000e+00
4.525000000000000000e+04	0.000000000000000000e+00
4.537500000000000000e+04	0.000000000000000000e+00
4.550000000000000000e+04	0.000000000000000000e+00
4.562500000000000000e+04	0.000000000000000000e+00
4.575000000000000000e+04	0.000000000000000000e+00
4.587500000000000000e+04	0.000000000000000000e+00
4.600000000000000000e+04	0.000000000000000000e+00
4.612500000000000000e+04	0.000000000000000000e+00
4.625000000000000000e+04	0.000000000000000000e+00
4.637500000000000000e+04	0.000000000000000000e+00
4.650000000000000000e+04	0.000000000000000000e+00
4.662500000000000000e+04	0.000000000000000000e+00
4.675000000000000000e+04	0.000000000000000000e+00
4.687500000000000000e+04	0.000000000000000000e+00
4.700000000000000000e+04	0.000000000000000000e+00
4.712500000000000000e+04	0.000000000000000000e+00
4.725000000000000000e+04	0.000000000000000000e+00
4.737500000000000000e+04	0.000000000000000000e+00
4.750000000000000000e+04	0.000000000000000000e+00
4.762500000000000000e+04	0.000000000000000000e+00
4.775000000000000000e+04	0.000000000000000000e+00
4.787500000000000000e+04	0.000000000000000000e+00
4.800000000000000000e+04	0.000000000000000000e+00
4.812500000000000000e+04	0.000000000000000000e+00
4.825000000000000000e+04	0.000000000000000000e+00
4.837500000000000000e+04	0.000000000000000000e+00
4.850000000000000000e+04	0.000000000000000000e+00
4.862500000000000000e+04	0.000000000000000000e+00
4.875000000000000000e+04	0.000000000000000000e+00
4.887500000000000000e+04	0.000000000000000000e+00
4.900000000000000000e+04	0.000000000000000000e+00
4.912500000000000000e+04	0.000000000000000000e+00
4.925000000000000000e+04	0.000000000000000000e+00
4.937500000000000000e+04	0.000000000000000000e+00
4.950000000000000000e+04	0.000000000000000000e+00
4.962500000000000000e+04	0.000000000000000000e+00
4.975000000000000000e+04	0.000000000000000000e+00
4.987500000000000000e+04	0.000000000000000000e+00
5.000000000000000000e+04	0.000000000000000000e+00
5.012500000000000000e+04	0.000000000000000000e+00
5.025000000000000000e+04	0.000000000000000000e+00
5.037500000000000000e+04	0.000000000000000000e+00
5.050000000000000000e+04	0.000000000000000000e+00
5.062500000000000000e+04	0.000000000000000000e+00
5.075000000000000000e+04	0.000000000000000000e+00
5.087500000000000000e+04	0.000000000000000000e+00
5.100000000000000000e+04	0.000000000000000000e+00
5.112500000000000000e+04	0.000000000000000000e+00
5.125000000000000000e+04	0.000000000000000000e+00
5.137500000000000000e+04	0.000000000000000000e+00
5.150000000000000000e+04	0.000000000000000000e+00
5.162500000000000000e+04	0.000000000000000000e+00
5.175000000000000000e+04	0.000000000000000000e+00
5.187500000000000000e+04	0.000000000000000000e+00
5.200000000000000000e+04	0.000000000000000000e+00
5.212500000000000000e+04	0.000000000000000000e+00
5.225000000000000000e+04	0.000000000000000000e+00
5.237500000000000000e+04	0.000000000000000000e+00
5.250000000000000000e+04	0.000000000000000000e+00
5.262500000000000000e+04	0.000000000000000000e+00
5.275000000000000000e+04	0.000000000000000000e+00
5.287500000000000000e+04	0.000000000000000000e+00
5.300000000000000000e+04	0.000000000000000000e+00
5.312500000000000000e+04	0.000000000000000000e+00
5.325000000000000000e+04	0.000000000000000000e+00
5.337500000000000000e+04	0.000000000000000000e+00
5.350000000000000000e+04	0.000000000000000000e+00
5.362500000000000000e+04	0.000000000000000000e+00
5.375000000000000000e+04	0.000000000000000000e+00
5.387500000000000000e+04	0.000000000000000000e+00
5.400000000000000000e+04	0.000000000000000000e+00
5.412500000000000000e+04	0.000000000000000000e+00
5.425000000000000000e+04	0.000000000000000000e+00
5.437500000000000000e+04	0.000000000000000000e+00
5.450000000000000000e+04	0.000000000000000000e+00
5.462500000000000000e+04	0.000000000000000000e+00
5.475000000000000000e+04	0.000000000000000000e+00
5.487500000000000000e+04	0.000000000000000000e+00
5.500000000000000000e+04	0.000000000000000000e+00
5.512500000000000000e+04	0.000000000000000000e+00
5.525000000000000000e+04	0.000000000000000000e+00
5.537500000000000000e+04	0.000000000000000000e+00
5.550000000000000000e+04	0.000000000000000000e+00
5.562500000000000000e+04	0.000000000000000000e+00
5.575000000000000000e+04	0.000000000000000000e+00
5.587500000000000000e+04	0.000000000000000000e+00
5.600000000000000000e+04	0.000000000000000000e+00
5.612500000000000000e+04	0.000000000000000000e+00
5.625000000000000000e+04	0.000000000000000000e+00
5.637500000000000000e+04	0.000000000000000000e+00
5.650000000000000000e+04	0.000000000000000000e+00
5.662500000000000000e+04	0.000000000000000000e+00
5.675000000000000000e+04	0.000000000000000000e+00
5.687500000000000000e+04	0.000000000000000000e+00
5.700000000000000000e+04	0.000000000000000000e+00
5.712500000000000000e+04	0.000000000000000000e+00
5.725000000000000000e+04	0.000000000000000000e+00
5.737500000000000000e+04	0.000000000000000000e+00
5.750000000000000000e+04	0.000000000000000000e+00
5.762500000000000000e+04	0.000000000000000000e+00
5.775000000000000000e+04	0.000000000000000000e+00
5.787500000000000000e+04	0.000000000000000000e+00
5.800000000000000000e+04	0.000000000000000000e+00
5.812500000000000000e+04	0.000000000000000000e+00
5.825000000000000000e+04	0.000000000000000000e+00
5.837500000000000000e+04	0.000000000000000000e+00
5.850000000000000000e+04	0.000000000000000000e+00
5.862500000000000000e+04	0.000000000000000000e+00
5.875000000000000000e+04	0.000000000000000000e+00
5.887500000000000000e+04	0.000000000000000000e+00
5.900000000000000000e+04	0.000000000000000000e+00
5.912500000000000000e+04	0.000000000000000000e+00
5.925000000000000000e+04	0.000000000000000000e+00
5.937500000000000000e+04	0.000000000000000000e+00
5.950000000000000000e+04	0.000000000000000000e+00
5.962500000000000000e+04	0.000000000000000000e+00
5.975000000000000000e+04	0.000000000000000000e+00
5.987500000000000000e+04	0.000000000000000000e+00
6.000000000000000000e+04	0.000000000000000000e+00
6.012500000000000000e+04	0.000000000000000000e+00
6.025000000000000000e+04	0.000000000000000000e+00
6.037500000000000000e+04	0.000000000000000000e+00
6.050000000000000000e+04	0.000000000000000000e+00
6.062500000000000000e+04	0.000000000000000000e+00
6.075000000000000000e+04	0.000000000000000000e+00
6.087500000000000000e+04	0.000000000000000000e+00
6.100000000000000000e+04	0.000000000000000000e+00
6.112500000000000000e+04	0.000000000000000000e+00
6.125000000000000000e+04	0.000000000000000000e+00
6.137500000000000000e+04	0.000000000000000000e+00
6.150000000000000000e+04	0.000000000000000000e+00
6.162500000000000000e+04	0.000000000000000000e+00
6.175000000000000000e+04	0.000000000000000000e+00
6.187500000000000000e+04	0.000000000000000000e+00
6.200000000000000000e+04	0.000000000000000000e+00
6.212500000000000000e+04	0.000000000000000000e+00
6.225000000000000000e+04	0.000000000000000000e+00
6.237500000000000000e+04	0.000000000000000000e+00
6.250000000000000000e+04	0.000000000000000000e+00
6.262500000000000000e+04	0.000000000000000000e+00
6.275000000000000000e+04	0.000000000000000000e+00
6.287500000000000000e+04	0.000000000000000000e+00
6.300000000000000000e+04	0.000000000000000000e+00
6.312500000000000000e+04	0.000000000000000000e+00
6.325000000000000000e+04	0.000000000000000000e+00
6.337500000000000000e+04	0.000000000000000000e+00
6.350000000000000000e+04	0.000000000000000000e+00
6.362500000000000000e+04	0.000000000000000000e+00
6.375000000000000000e+04	0.000000000000000000e+00
6.387500000000000000e+04	0.000000000000000000e+00
6.400000000000000000e+04	0.000000000000000000e+00
6.412500000000000000e+04	0.000000000000000000e+00
6.425000000000000000e+04	0.000000000000000000e+00
6.437500000000000000e+04	0.000000000000000000e+00
6.450000000000000000e+04	0.000000000000000000e+00
6.462500000000000000e+04	0.000000000000000000e+00
6.475000000000000000e+04	0.000000000000000000e+00
6.487500000000000000e+04	0.000000000000000000e+00
6.500000000000000000e+04	0.000000000000000000e+00
6.512500000000000000e+04	0.000000000000000000e+00
6.525000000000000000e+04	0.000000000000000000e+00
6.537500000000000000e+04	0.000000000000000000e+00
6.550000000000000000e+04	0.000000000000000000e+00
6.562500000000000000e+04	0.000000000000000000e+00
6.575000000000000000e+04	0.000000000000000000e+00
6.587500000000000000e+04	0.000000000000000000e+00
6.600000000000000000e+04	0.000000000000000000e+00
6.612500000000000000e+04	0.000000000000000000e+00
6.625000000000000000e+04	0.000000000000000000e+00
6.637500000000000000e+04	0.000000000000000000e+00
6.650000000000000000e+04	0.000000000000000000e+00
6.662500000000000000e+04	0.000000000000000000e+00
6.675000000000000000e+04	0.000000000000000000e+00
6.687500000000000000e+04	0.000000000000000000e+00
6.700000000000000000e+04	0.000000000000000000e+00
6.712500000000000000e+04	0.000000000000000000e+00
6.725000000000000000e+04	0.000000000000000000e+00
6.737500000000000000e+04	0.000000000000000000e+00
6.750000000000000000e+04	0.000000000000000000e+00
6.762500000000000000e+04	0.000000000000000000e+00
6.775000000000000000e+04	0.000000000000000000e+00
6.787500000000000000e+04	0.000000000000000000e+00
6.800000000000000000e+04	0.000000000000000000e+00
6.812500000000000000e+04	0.000000000000000000e+00
6.825000000000000000e+04	0.000000000000000000e+00
6.837500000000000000e+04	0.000000000000000000e+00
6.850000000000000000e+04	0.000000000000000000e+00
6.862500000000000000e+04	0.000000000000000000e+00
6.875000000000000000e+04	0.000000000000000000e+00
6.887500000000000000e+04	0.000000000000000000e+00
6.900000000000000000e+04	0.000000000000000000e+00
6.912500000000000000e+04	0.000000000000000000e+00
6.925000000000000000e+04	0.000000000000000000e+00
6.937500000000000000e+04	0.000000000000000000e+00
6.950000000000000000e+04	0.000000000000000000e+00
6.962500000000000000e+04	0.000000000000000000e+00
6.975000000000000000e+04	0.000000000000000000e+00
6.987500000000000000e+04	0.000000000000000000e+00
7.000000000000000000e+04	0.000000000000000000e+00
7.012500000000000000e+04	0.000000000000000000e+00
7.025000000000000000e+04	0.000000000000000000e+00
7.037500000000000000e+04	0.000000000000000000e+00
7.050000000000000000e+04	0.000000000000000000e+00
7.062500000000000000e+04	0.000000000000000000e+00
7.075000000000000000e+04	0.000000000000000000e+00
7.087500000000000000e+04	0.000000000000000000e+00
7.100000000000000000e+04	0.000000000000000000e+00
7.112500000000000000e+04	0.000000000000000000e+00
7.125000000000000000e+04	0.000000000000000000e+00
7.137500000000000000e+04	0.000000000000000000e+00
7.150000000000000000e+04	0.000000000000000000e+00
7.162500000000000000e+04	0.000000000000000000e+00
7.175000000000000000e+04	0.000000000000000000e+00
7.187500000000000000e+04	0.000000000000000000e+00
7.200000000000000000e+04	0.000000000000000000e+00
7.212500000000000000e+04	0.000000000000000000e+00
7.225000000000000000e+04	0.000000000000000000e+00
7.237500000000000000e+04	0.000000000000000000e+00
7.250000000000000000e+04	0.000000000000000000e+00
7.262500000000000000e+04	0.000000000000000000e+00
7.275000000000000000e+04	0.000000000000000000e+00
7.287500000000000000e+04	0.000000000000000000e+00
7.300000000000000000e+04	0.000000000000000000e+00
7.312500000000000000e+04	0.000000000000000000e+00
7.325000000000000000e+04	0.000000000000000000e+00
7.337500000000000000e+04	0.000000000000000000e+00
7.350000000000000000e+04	0.000000000000000000e+00
7.362500000000000000e+04	0.000000000000000000e+00
7.375000000000000000e+04	0.000000000000000000e+00
7.387500000000000000e+04	0.000000000000000000e+00
7.400000000000000000e+04	0.000000000000000000e+00
7.412500000000000000e+04	0.000000000000000000e+00
7.425000000000000000e+04	0.000000000000000000e+00
7.437500000000000000e+04	0.000000000000000000e+00
7.450000000000000000e+04	0.000000000000000000e+00
7.462500000000000000e+04	0.000000000000000000e+00
7.475000000000000000e+04	0.000000000000000000e+00
7.487500000000000000e+04	0.000000000000000000e+00
7.500000000000000000e+04	0.000000000000000000e+00
7.512500000000000000e+04	0.000000000000000000e+00
7.525000000000000000e+04	0.000000000000000000e+00
7.537500000000000000e+04	0.000000000000000000e+00
7.550000000000000000e+04	0.000000000000000000e+00
7.562500000000000000e+04	0.000000000000000000e+00
7.575000000000000000e+04	0.000000000000000000e+00
7.587500000000000000e+04	0.000000000000000000e+00
7.600000000000000000e+04	0.000000000000000000e+00
7.612500000000000000e+04	0.000000000000000000e+00
7.625000000000000000e+04	0.000000000000000000e+00
7.637500000000000000e+04	0.000000000000000000e+00
7.650000000000000000e+04	0.000000000000000000e+00
7.662500000000000000e+04	0.000000000000000000e+00
7.675000000000000000e+04	0.000000000000000000e+00
7.687500000000000000e+04	0.000000000000000000e+00
7.700000000000000000e+04	0.000000000000000000e+00
7.712500000000000000e+04	0.000000000000000000e+00
7.725000000000000000e+04	0.000000000000000000e+00
7.737500000000000000e+04	0.000000000000000000e+00
7.750000000000000000e+04	0.000000000000000000e+00
7.762500000000000000e+04	0.000000000000000000e+00
7.775000000000000000e+04	0.000000000000000000e+00
7.787500000000000000e+04	0.000000000000000000e+00
7.800000000000000000e+04	0.000000000000000000e+00
7.812500000000000000e+04	0.000000000000000000e+00
7.825000000000000000e+04	0.000000000000000000e+00
7.837500000000000000e+04	0.000000000000000000e+00
7.850000000000000000e+04	0.000000000000000000e+00
7.862500000000000000e+04	0.000000000000000000e+00
7.875000000000000000e+04	0.000000000000000000e+00
7.887500000000000000e+04	0.000000000000000000e+00
7.900000000000000000e+04	0.000000000000000000e+00
7.912500000000000000e+04	0.000000000000000000e+00
7.925000000000000000e+04	0.000000000000000000e+00
7.937500000000000000e+04	0.000000000000000000e+00
7.950000000000000000e+04	0.000000000000000000e+00
7.962500000000000000e+04	0.000000000000000000e+00
7.975000000000000000e+04	0.000000000000000000e+00
7.987500000000000000e+04	0.000000000000000000e+00
8.000000000000000000e+04	0.000000000000000000e+00
8.012500000000000000e+04	0.000000000000000000e+00
8.025000000000000000e+04	0.000000000000000000e+00
8.037500000000000000e+04	0.000000000000000000e+00
8.050000000000000000e+04	0.000000000000000000e+00
8.062500000000000000e+04	0.000000000000000000e+00
8.075000000000000000e+04	0.000000000000000000e+00
8.087500000000000000e+04	0.000000000000000000e+00
8.100000000000000000e+04	0.000000000000000000e+00
8.112500000000000000e+04	0.000000000000000000e+00
8.125000000000000000e+04	0.000000000000000000e+00
8.137500000000000000e+04	0.000000000000000000e+00
8.150000000000000000e+04	0.000000000000000000e+00
8.162500000000000000e+04	0.000000000000000000e+00
8.175000000000000000e+04	0.000000000000000000e+00
8.187500000000000000e+04	0.000000000000000000e+00
8.200000000000000000e+04	0.000000000000000000e+00
8.212500000000000000e+04	0.000000000000000000e+00
8.225000000000000000e+04	0.000000000000000000e+00
8.237500000000000000e+04	0.000000000000000000e+00
8.250000000000000000e+04	0.000000000000000000e+00
8.262500000000000000e+04	0.000000000000000000e+00
8.275000000000000000e+04	0.000000000000000000e+00
8.287500000000000000e+04	0.000000000000000000e+00
8.300000000000000000e+04	0.000000000000000000e+00
8.312500000000000000e+04	0.000000000000000000e+00
8.325000000000000000e+04	0.000000000000000000e+00
8.337500000000000000e+04	0.000000000000000000e+00
8.350000000000000000e+04	0.000000000000000000e+00
8.362500000000000000e+04	0.000000000000000000e+00
8.375000000000000000e+04	0.000000000000000000e+00
8.387500000000000000e+04	0.000000000000000000e+00
8.400000000000000000e+04	0.000000000000000000e+00
8.412500000000000000e+04	0.000000000000000000e+00
8.425000000000000000e+04	0.000000000000000000e+00
8.437500000000000000e+04	0.000000000000000000e+00
8.450000000000000000e+04	0.000000000000000000e+00
8.462500000000000000e+04	0.000000000000000000e+00
8.475000000000000000e+04	0.000000000000000000e+00
8.487500000000000000e+04	0.000000000000000000e+00
8.500000000000000000e+04	0.000000000000000000e+00
8.512500000000000000e+04	0.000000000000000000e+00
8.525000000000000000e+04	0.000000000000000000e+00
8.537500000000000000e+04	0.000000000000000000e+00
8.550000000000000000e+04	0.000000000000000000e+00
8.562500000000000000e+04	0.000000000000000000e+00
8.575000000000000000e+04	0.000000000000000000e+00
8.587500000000000000e+04	0.000000000000000000e+00
8.600000000000000000e+04	0.000000000000000000e+00
8.612500000000000000e+04	0.000000000000000000e+00
8.625000000000000000e+04	0.000000000000000000e+00
8.637500000000000000e+04	0.000000000000000000e+00
8.650000000000000000e+04	0.000000000000000000e+00
8.662500000000000000e+04	0.000000000000000000e+00
8.675000000000000000e+04	0.000000000000000000e+00
8.687500000000000000e+04	0.000000000000000000e+00
8.700000000000000000e+04	0.000000000000000000e+00
8.712500000000000000e+04	0.000000000000000000e+00
8.725000000000000000e+04	0.000000000000000000e+00
8.737500000000000000e+04	0.000000000000000000e+00
8.750000000000000000e+04	0.000000000000000000e+00
8.762500000000000000e+04	0.000000000000000000e+00
8.775000000000000000e+04	0.000000000000000000e+00
8.787500000000000000e+04	0.000000000000000000e+00
8.800000000000000000e+04	0.000000000000000000e+00
8.812500000000000000e+04	0.000000000000000000e+00
8.825000000000000000e+04	0.000000000000000000e+00
8.837500000000000000e+04	0.000000000000000000e+00
8.850000000000000000e+04	0.000000000000000000e+00
8.862500000000000000e+04	0.000000000000000000e+00
8.875000000000000000e+04	0.000000000000000000e+00
8.887500000000000000e+04	0.000000000000000000e+00
8.900000000000000000e+04	0.000000000000000000e+00
8.912500000000000000e+04	0.000000000000000000e+00
8.925000000000000000e+04	0.000000000000000000e+00
8.937500000000000000e+04	0.000000000000000000e+00
8.950000000000000000e+04	0.000000000000000000e+00
8.962500000000000000e+04	0.000000000000000000e+00
8.975000000000000000e+04	0.000000000000000000e+00
8.987500000000000000e+04	0.000000000000000000e+00
9.000000000000000000e+04	0.000000000000000000e+00
9.012500000000000000e+04	0.000000000000000000e+00
9.025000000000000000e+04	0.000000000000000000e+00
9.037500000000000000e+04	0.000000000000000000e+00
9.050000000000000000e+04	0.000000000000000000e+00
9.062500000000000000e+04	0.000000000000000000e+00
9.075000000000000000e+04	0.000000000000000000e+00
9.087500000000000000e+04	0.000000000000000000e+00
9.100000000000000000e+04	0.000000000000000000e+00
9.112500000000000000e+04	0.000000000000000000e+00
9.125000000000000000e+04	0.000000000000000000e+00
9.137500000000000000e+04	0.000000000000000000e+00
9.150000000000000000e+04	0.000000000000000000e+00
9.162500000000000000e+04	0.000000000000000000e+00
9.175000000000000000e+04	0.000000000000000000e+00
9.187500000000000000e+04	0.000000000000000000e+00
9.200000000000000000e+04	0.000000000000000000e+00
9.212500000000000000e+04	0.000000000000000000e+00
9.225000000000000000e+04	0.000000000000000000e+00
9.237500000000000000e+04	0.000000000000000000e+00
9.250000000000000000e+04	0.000000000000000000e+00
9.262500000000000000e+04	0.000000000000000000e+00
9.275000000000000000e+04	0.000000000000000000e+00
9.287500000000000000e+04	0.000000000000000000e+00
9.300000000000000000e+04	0.000000000000000000e+00
9.312500000000000000e+04	0.000000000000000000e+00
9.325000000000000000e+04	0.000000000000000000e+00
9.337500000000000000e+04	0.000000000000000000e+00
9.350000000000000000e+04	0.000000000000000000e+00
9.362500000000000000e+04	0.000000000000000000e+00
9.375000000000000000e+04	0.000000000000000000e+00
9.387500000000000000e+04	0.000000000000000000e+00
9.400000000000000000e+04	0.000000000000000000e+00
9.412500000000000000e+04	0.000000000000000000e+00
9.425000000000000000e+04	0.000000000000000000e+00
9.437500000000000000e+04	0.000000000000000000e+00
9.450000000000000000e+04	0.000000000000000000e+00
9.462500000000000000e+04	0.000000000000000000e+00
9.475000000000000000e+04	0.000000000000000000e+00
9.487500000000000000e+04	0.000000000000000000e+00
9.500000000000000000e+04	0.000000000000000000e+00
9.512500000000000000e+04	0.000000000000000000e+00
9.525000000000000000e+04	0.000000000000000000e+00
9.537500000000000000e+04	0.000000000000000000e+00
9.550000000000000000e+04	0.000000000000000000e+00
9.562500000000000000e+04	0.000000000000000000e+00
9.575000000000000000e+04	0.000000000000000000e+00
9.587500000000000000e+04	0.000000000000000000e+00
9.600000000000000000e+04	0.000000000000000000e+00
9.612500000000000000e+04	0.000000000000000000e+00
9.625000000000000000e+04	0.000000000000000000e+00
9.637500000000000000e+04	0.000000000000000000e+00
9.650000000000000000e+04	0.000000000000000000e+00
9.662500000000000000e+04	0.000000000000000000e+00
9.675000000000000000e+04	0.000000000000000000e+00
9.687500000000000000e+04	0.000000000000000000e+00
9.700000000000000000e+04	0.000000000000000000e+00
9.712500000000000000e+04	0.000000000000000000e+00
9.725000000000000000e+04	0.000000000000000000e+00
9.737500000000000000e+04	0.000000000000000000e+00
9.750000000000000000e+04	0.000000000000000000e+00
9.762500000000000000e+04	0.000000000000000000e+00
9.775000000000000000e+04	0.000000000000000000e+00
9.787500000000000000e+04	0.000000000000000000e+00
9.800000000000000000e+04	0.000000000000000000e+00
9.812500000000000000e+04	0.000000000000000000e+00
9.825000000000000000e+04	0.000000000000000000e+00
9.837500000000000000e+04	0.000000000000000000e+00
9.850000000000000000e+04	0.000000000000000000e+00
9.862500000000000000e+04	0.000000000000000000e+00
9.875000000000000000e+04	0.000000000000000000e+00
9.887500000000000000e+04	0.000000000000000000e+00
9.900000000000000000e+04	0.000000000000000000e+00
9.912500000000000000e+04	0.000000000000000000e+00
9.925000000000000000e+04	0.000000000000000000e+00
9.937500000000000000e+04	0.000000000000000000e+00
9.950000000000000000e+04	0.000000000000000000e+00
9.962500000000000000e+04	0.000000000000000000e+00
9.975000000000000000e+04	0.000000000000000000e+00
9.987500000000000000e+04	0.000000000000000000e+00
1.000000000000000000e+05	0.000000000000000000e+00
